-1 362 131 236 328 328 250 2 283 155 385 181 189 343 100 251 197 397 316 72 190 1 174 71 478 101 137 220 435 161 440 126 411 456 389 301 242 16 391 176 373 382 284 215 22 390 345 16 478 182 
362 -1 75 371 128 357 456 218 84 128 360 291 458 144 372 135 108 386 357 98 328 106 480 361 34 124 93 422 467 485 472 441 379 122 63 363 338 237 382 131 123 56 195 424 452 74 283 97 49 446 
131 75 -1 3 204 42 156 40 270 239 153 392 106 132 333 375 421 21 467 247 310 188 4 310 312 200 268 369 93 138 50 234 363 219 483 237 386 322 415 493 230 288 363 302 470 377 278 379 489 305 
236 371 3 -1 283 317 342 74 276 252 100 109 497 247 384 344 421 262 258 373 390 410 316 269 73 157 497 494 127 468 176 242 230 174 71 6 85 93 266 72 307 449 9 143 279 324 401 472 134 208 
328 128 204 283 -1 229 320 182 346 119 18 294 52 427 500 63 155 110 18 116 10 124 280 99 141 100 379 257 367 416 243 250 466 80 496 347 396 85 128 142 485 105 359 442 351 216 398 442 215 418 
328 357 42 317 229 -1 246 193 195 22 238 405 126 341 360 286 404 255 402 123 40 372 193 363 351 253 92 223 267 244 170 301 184 193 383 168 267 32 263 202 250 65 416 419 331 68 335 458 362 202 
250 456 156 342 320 246 -1 39 91 403 258 111 355 293 145 167 412 27 453 232 237 189 273 302 307 440 206 154 331 59 171 331 433 277 139 133 51 304 464 144 39 401 333 219 51 148 108 212 198 100 
2 218 40 74 182 193 39 -1 99 118 450 407 372 307 263 324 391 498 296 177 68 236 244 85 248 360 128 73 444 287 323 219 239 202 226 467 33 54 491 276 49 202 434 221 81 1 67 487 297 231 
283 84 270 276 346 195 91 99 -1 290 48 2 474 457 424 312 339 458 46 121 235 368 7 486 333 121 446 354 55 191 136 254 241 417 212 154 175 148 496 160 239 189 257 475 488 433 402 156 1 102 
155 128 239 252 119 22 403 118 290 -1 192 153 396 440 266 140 435 394 150 59 293 128 79 211 213 4 199 334 451 393 166 132 237 116 470 43 400 58 420 40 389 319 365 264 492 435 43 326 317 208 
385 360 153 100 18 238 258 450 48 192 -1 12 246 222 164 490 365 400 391 219 139 105 79 237 231 107 305 1 390 181 27 427 323 20 217 294 13 107 172 23 25 35 233 353 390 113 64 111 310 102 
181 291 392 109 294 405 111 407 2 153 12 -1 112 361 148 477 336 41 442 453 357 195 15 329 400 484 440 43 34 43 327 22 195 221 400 185 209 469 163 143 440 66 407 13 12 69 450 21 465 254 
189 458 106 497 52 126 355 372 474 396 246 112 -1 261 242 79 497 242 313 454 55 72 110 455 109 385 192 412 278 411 500 485 489 281 60 210 263 497 183 401 137 483 223 370 376 401 373 336 297 488 
343 144 132 247 427 341 293 307 457 440 222 361 261 -1 117 301 111 350 256 220 168 274 300 406 74 440 128 335 171 68 477 280 480 201 25 221 408 184 467 266 211 326 492 109 452 93 235 454 379 321 
100 372 333 384 500 360 145 263 424 266 164 148 242 117 -1 236 311 141 8 212 460 455 357 221 419 182 343 459 491 458 85 166 190 229 16 201 402 62 183 4 3 301 290 26 485 269 441 65 401 303 
251 135 375 344 63 286 167 324 312 140 490 477 79 301 236 -1 219 186 118 74 449 155 243 208 64 27 109 13 140 481 190 243 500 136 146 162 235 20 113 250 110 114 229 71 450 228 178 242 133 487 
197 108 421 421 155 404 412 391 339 435 365 336 497 111 311 219 -1 112 226 376 134 11 263 242 263 168 124 331 182 95 171 78 438 256 298 301 240 363 171 12 195 277 356 345 156 66 77 109 163 301 
397 386 21 262 110 255 27 498 458 394 400 41 242 350 141 186 112 -1 448 358 130 301 206 75 3 116 242 385 319 96 219 361 492 131 329 220 218 338 302 167 78 224 333 358 455 139 227 326 11 170 
316 357 467 258 18 402 453 296 46 150 391 442 313 256 8 118 226 448 -1 91 175 431 178 314 456 236 98 324 235 134 50 328 347 260 129 123 357 412 117 352 61 36 480 27 328 414 179 29 460 304 
72 98 247 373 116 123 232 177 121 59 219 453 454 220 212 74 376 358 91 -1 377 300 266 122 336 27 355 243 59 1 449 176 435 403 38 228 147 85 275 369 463 89 485 14 301 155 172 233 278 222 
190 328 310 390 10 40 237 68 235 293 139 357 55 168 460 449 134 130 175 377 -1 169 181 432 225 161 18 499 297 240 122 162 93 39 228 308 77 397 495 305 67 155 155 308 459 384 336 463 105 362 
1 106 188 410 124 372 189 236 368 128 105 195 72 274 455 155 11 301 431 300 169 -1 81 341 494 287 202 71 459 298 347 255 57 345 155 139 368 172 320 45 344 266 204 435 127 330 359 178 342 403 
174 480 4 316 280 193 273 244 7 79 79 15 110 300 357 243 263 206 178 266 181 81 -1 271 278 111 400 339 44 73 374 234 237 73 490 273 441 39 213 152 403 174 437 100 232 252 286 115 232 369 
71 361 310 269 99 363 302 85 486 211 237 329 455 406 221 208 242 75 314 122 432 341 271 -1 99 202 301 159 285 163 37 158 339 194 135 102 283 262 433 310 337 86 390 319 493 420 407 283 335 365 
478 34 312 73 141 351 307 248 333 213 231 400 109 74 419 64 263 3 456 336 225 494 278 99 -1 284 146 472 343 18 430 66 240 317 396 200 478 200 49 311 91 198 326 492 234 17 264 196 396 408 
101 124 200 157 100 253 440 360 121 4 107 484 385 440 182 27 168 116 236 27 161 287 111 202 284 -1 387 479 255 278 363 379 302 337 102 417 458 437 390 172 343 373 70 274 379 284 457 199 292 312 
137 93 268 497 379 92 206 128 446 199 305 440 192 128 343 109 124 242 98 355 18 202 400 301 146 387 -1 389 124 316 394 467 121 121 444 479 248 145 136 214 298 15 311 24 232 163 87 123 33 249 
220 422 369 494 257 223 154 73 354 334 1 43 412 335 459 13 331 385 324 243 499 71 339 159 472 479 389 -1 154 216 117 484 124 493 17 155 144 297 129 114 135 348 37 490 202 304 29 9 10 92 
435 467 93 127 367 267 331 444 55 451 390 34 278 171 491 140 182 319 235 59 297 459 44 285 343 255 124 154 -1 175 282 308 74 164 191 73 188 427 132 25 49 409 103 186 70 445 365 440 25 159 
161 485 138 468 416 244 59 287 191 393 181 43 411 68 458 481 95 96 134 1 240 298 73 163 18 278 316 216 175 -1 48 245 25 88 85 493 364 120 91 329 198 242 266 223 311 429 435 135 435 367 
440 472 50 176 243 170 171 323 136 166 27 327 500 477 85 190 171 219 50 449 122 347 374 37 430 363 394 117 282 48 -1 298 326 452 175 274 163 496 100 196 310 433 259 315 431 111 467 143 26 403 
126 441 234 242 250 301 331 219 254 132 427 22 485 280 166 243 78 361 328 176 162 255 234 158 66 379 467 484 308 245 298 -1 312 14 9 322 187 389 229 26 48 289 455 434 32 34 97 32 282 299 
411 379 363 230 466 184 433 239 241 237 323 195 489 480 190 500 438 492 347 435 93 57 237 339 240 302 121 124 74 25 326 312 -1 120 455 500 11 442 331 422 257 206 96 268 5 435 376 494 326 280 
456 122 219 174 80 193 277 202 417 116 20 221 281 201 229 136 256 131 260 403 39 345 73 194 317 337 121 493 164 88 452 14 120 -1 217 266 128 184 284 369 445 224 43 164 155 364 258 406 487 91 
389 63 483 71 496 383 139 226 212 470 217 400 60 25 16 146 298 329 129 38 228 155 490 135 396 102 444 17 191 85 175 9 455 217 -1 332 124 30 429 234 479 410 32 11 225 365 349 144 250 461 
301 363 237 6 347 168 133 467 154 43 294 185 210 221 201 162 301 220 123 228 308 139 273 102 200 417 479 155 73 493 274 322 500 266 332 -1 242 455 93 357 226 72 56 141 294 479 363 332 264 467 
242 338 386 85 396 267 51 33 175 400 13 209 263 408 402 235 240 218 357 147 77 368 441 283 478 458 248 144 188 364 163 187 11 128 124 242 -1 295 129 50 473 384 156 209 422 84 314 229 455 154 
16 237 322 93 85 32 304 54 148 58 107 469 497 184 62 20 363 338 412 85 397 172 39 262 200 437 145 297 427 120 496 389 442 184 30 455 295 -1 218 200 32 330 482 338 231 210 213 12 441 143 
391 382 415 266 128 263 464 491 496 420 172 163 183 467 183 113 171 302 117 275 495 320 213 433 49 390 136 129 132 91 100 229 331 284 429 93 129 218 -1 499 430 128 417 320 368 384 38 174 47 301 
176 131 493 72 142 202 144 276 160 40 23 143 401 266 4 250 12 167 352 369 305 45 152 310 311 172 214 114 25 329 196 26 422 369 234 357 50 200 499 -1 420 111 52 167 431 450 18 362 403 28 
373 123 230 307 485 250 39 49 239 389 25 440 137 211 3 110 195 78 61 463 67 344 403 337 91 343 298 135 49 198 310 48 257 445 479 226 473 32 430 420 -1 407 46 244 87 255 135 216 156 171 
382 56 288 449 105 65 401 202 189 319 35 66 483 326 301 114 277 224 36 89 155 266 174 86 198 373 15 348 409 242 433 289 206 224 410 72 384 330 128 111 407 -1 404 214 491 226 360 355 300 376 
284 195 363 9 359 416 333 434 257 365 233 407 223 492 290 229 356 333 480 485 155 204 437 390 326 70 311 37 103 266 259 455 96 43 32 56 156 482 417 52 46 404 -1 111 135 465 91 225 440 431 
215 424 302 143 442 419 219 221 475 264 353 13 370 109 26 71 345 358 27 14 308 435 100 319 492 274 24 490 186 223 315 434 268 164 11 141 209 338 320 167 244 214 111 -1 355 283 49 244 197 26 
22 452 470 279 351 331 51 81 488 492 390 12 376 452 485 450 156 455 328 301 459 127 232 493 234 379 232 202 70 311 431 32 5 155 225 294 422 231 368 431 87 491 135 355 -1 455 86 260 190 40 
390 74 377 324 216 68 148 1 433 435 113 69 401 93 269 228 66 139 414 155 384 330 252 420 17 284 163 304 445 429 111 34 435 364 365 479 84 210 384 450 255 226 465 283 455 -1 236 286 41 390 
345 283 278 401 398 335 108 67 402 43 64 450 373 235 441 178 77 227 179 172 336 359 286 407 264 457 87 29 365 435 467 97 376 258 349 363 314 213 38 18 135 360 91 49 86 236 -1 20 84 336 
16 97 379 472 442 458 212 487 156 326 111 21 336 454 65 242 109 326 29 233 463 178 115 283 196 199 123 9 440 135 143 32 494 406 144 332 229 12 174 362 216 355 225 244 260 286 20 -1 133 307 
478 49 489 134 215 362 198 297 1 317 310 465 297 379 401 133 163 11 460 278 105 342 232 335 396 292 33 10 25 435 26 282 326 487 250 264 455 441 47 403 156 300 440 197 190 41 84 133 -1 206 
182 446 305 208 418 202 100 231 102 208 102 254 488 321 303 487 301 170 304 222 362 403 369 365 408 312 249 92 159 367 403 299 280 91 461 467 154 143 301 28 171 376 431 26 40 390 336 307 206 -1 
